"TOA5","MarMenorIP","CR1000X","25703","CR1000X.Std.06.00","CPU:MarMenor5.CR1X","12374","Output60min"
"TIMESTAMP","RECORD","Air_Temp_HS_Avg","RelHumidity_Avg","Vapor_Pressure_Avg","WS_ms_Avg","WS_ms_Std","WS_ms_Max","WS_ms_TMx","WS3_Avg","ThermTemp1_Avg","WTemp_C1_Avg","SDI_Temp_1m","ThermTemp2_Avg","ThermTemp3_Avg","ThermTemp4_Avg","WTemp_C2_Avg","SDI_Temp_3m","ThermTemp5_Avg","ThermTemp6_Avg","SDI_Temp_6m","WTemp_C3_Avg","O2_sat1_Avg","O2_sat2_Avg","O2_sat3_Avg","O2_conc1_Avg","O2_conc2_Avg","O2_conc3_Avg","SDI_Cond_1m","SDI_Cond_3m","SDI_Cond_6m","SDI_TempCorrCond_1m","SDI_TempCorrCond_3m","SDI_TempCorrCond_6m","Mean_Chl_ugl","Mean_Turb_NTU"
"TS","RN","Deg C","Percent","kPa","meters/second","meters/second","meters/second","meters/second","(meters/second)3","Deg C","Deg C","Deg C","Deg C","Deg C","Deg C","Deg C","Deg C","Deg C","Deg C","Deg C","Deg C","Percent","Percent","Percent","mg/l","mg/l","mg/l","uS/cm","uS/cm","uS/cm","uS/cm 25C","uS/cm 25C","uS/cm 25C","ug/l","NTU"
"","","Avg","Avg","Avg","Avg","Std","Max","TMx","Avg","Avg","Avg","Smp","Avg","Avg","Avg","Avg","Smp","Avg","Avg","Smp","Avg","Avg","Avg","Avg","Avg","Avg","Avg","Smp","Smp","Smp","Smp","Smp","Smp","Smp","Smp"
"2022-09-22 13:00:00",0,26.49515,64.56425,2.234194,0,0,0,"2022-09-22 12:51:00",0,25.45286,25.30985,25.13,25.57539,25.51889,25.56273,25.46548,25.36,25.6001,25.6249,25.06,25.3244,70.92935,60.59036,72.54121,5.827557,4.963929,5.958397,67151.93,65348.25,67342.7,66971,64871.82,67262.06,0.7725239,7.697665
"2022-09-22 14:00:00",1,26.52459,63.19077,2.190466,0,0,0,"2022-09-22 13:00:30",0,25.46464,25.30082,25.22,25.53732,25.51886,25.57969,25.43611,25.16,25.58432,25.65034,25.12,25.33569,71.05137,59.51992,72.51532,5.838553,4.878856,5.95504,66912.95,65166.26,67432.19,66611.73,64956.19,67268.39,0.7754877,7.711969
"2022-09-22 15:00:00",2,26.42282,62.48338,2.152999,0,0,0,"2022-09-22 14:00:30",0,25.43886,25.28757,25.19,25.53837,25.51578,25.55605,25.45348,25.19,25.59493,25.65107,25.3,25.33201,70.89602,58.56908,72.19924,5.827199,4.799389,5.929481,67108.2,65252.74,67250.22,66851.71,65004.03,66849.13,0.7751045,7.699714
"2022-09-22 16:00:00",3,26.5713,62.205,2.162234,0,0,0,"2022-09-22 15:52:00",0,25.41399,25.27555,25.1,25.54108,25.5004,25.52103,25.4603,25.27,25.5967,25.64135,24.99,25.31989,70.59362,57.33868,71.84518,5.803626,4.697979,5.901715,67130.82,65142.93,67382.57,66983,64798.39,67373.27,0.7747951,7.711353
"2022-09-22 17:00:00",4,26.83134,61.37011,2.16611,0,0,0,"2022-09-22 16:47:00",0,25.43167,25.29317,25.14,25.52115,25.51023,25.55702,25.44006,25.17,25.59215,25.65621,24.95,25.32913,69.73046,56.85046,71.9201,5.73081,4.659702,5.906868,66853.43,65109.84,67321.63,66696.88,64902.13,67368.55,0.7780214,7.669677
"2022-09-22 18:00:00",5,26.93981,58.87388,2.091151,0,0,0,"2022-09-22 17:00:30",0,25.4492,25.29818,25.07,25.53736,25.51686,25.58002,25.43409,25.24,25.60223,25.67424,25.2,25.334,69.24691,56.09588,71.69653,5.690547,4.598357,5.88798,66950.65,65248.23,67271.28,66858.55,64958.39,67002.69,0.768028,7.739652
"2022-09-22 19:00:00",6,26.89468,59.19636,2.097094,0,0,0,"2022-09-22 18:00:30",0,25.4798,25.31319,25.13,25.54534,25.53165,25.61641,25.41492,25.21,25.60912,25.6899,25.14,25.3496,68.94749,54.8517,71.41492,5.664381,4.497955,5.863176,66793.1,65166.27,67230.67,66617.98,64901.23,67040.23,0.7653838,7.752341
"2022-09-22 20:00:00",7,26.71793,61.9301,2.171287,0,0,0,"2022-09-22 19:00:30",0,25.48343,25.33,25.3,25.5735,25.55079,25.599,25.44864,25.11,25.6113,25.69318,25.32,25.36483,69.06916,54.39528,71.20985,5.672626,4.457765,5.844708,66710.2,65184.29,67331.41,66324.23,65059.95,66902.11,0.776337,7.70809
"2022-09-22 21:00:00",8,26.4417,62.92535,2.170631,0,0,0,"2022-09-22 20:00:30",0,25.47591,25.32818,25.14,25.57783,25.55472,25.55075,25.45478,25.18,25.6223,25.68506,25.15,25.37625,69.11597,54.20854,71.00386,5.676662,4.441964,5.826581,66738.83,65200.1,67303.59,66534.55,64969.98,67113.57,0.7784223,7.772827
"2022-09-22 22:00:00",9,26.37133,64.16877,2.204335,0,0,0,"2022-09-22 21:00:30",0,25.4784,25.33161,25.26,25.58463,25.5574,25.52185,25.46251,25.31,25.62461,25.67804,25.1,25.38126,68.60078,53.69981,70.60191,5.633995,4.399653,5.793066,66654.41,65189.56,67268.27,66304.7,64793.8,67109.73,0.7807497,7.681932
"2022-09-22 23:00:00",10,26.22705,64.11999,2.184019,0,0,0,"2022-09-22 22:00:30",0,25.48289,25.33141,25.17,25.56713,25.55833,25.5079,25.46065,25.14,25.61987,25.66754,25.03,25.38163,67.2943,52.10181,70.13436,5.526717,4.268873,5.754663,66709.44,65189.55,67284.8,66483.39,65006.4,67265.5,0.7814757,7.727787
"2022-09-23 00:00:00",11,26.239,63.99092,2.181113,0,0,0,"2022-09-22 23:00:30",0,25.48242,25.32224,25.2,25.56999,25.54861,25.49855,25.46731,25.18,25.61179,25.65358,25.15,25.37523,67.94498,50.87759,69.71468,5.581093,4.168061,5.720897,66690.58,65191.06,67263.73,66433.45,64958.66,67069.48,0.7809005,7.701215
"2022-09-23 01:00:00",12,26.13701,65.03791,2.203498,0,0,0,"2022-09-23 00:00:30",0,25.46771,25.3152,25.08,25.56649,25.53845,25.48243,25.46254,25.24,25.60069,25.6384,25.12,25.36842,67.66292,49.46115,69.35909,5.558643,4.052373,5.692428,66714.71,65194.06,67290.07,66607.87,64882.49,67120.35,0.7813767,7.70489
"2022-09-23 02:00:00",13,26.0328,64.59397,2.175031,0,0,0,"2022-09-23 01:00:30",0,25.46308,25.30426,25.19,25.5557,25.52559,25.46737,25.45631,25.19,25.58463,25.62277,25.24,25.35606,67.6834,48.12048,68.97175,5.561439,3.942981,5.66192,66671.73,65179.04,67257.73,66403.74,64917.79,66962.67,0.778717,7.731793
"2022-09-23 03:00:00",14,25.81265,64.28758,2.136752,0,0,0,"2022-09-23 02:00:30",0,25.43973,25.28084,25.24,25.53543,25.50421,25.43913,25.43893,25.16,25.55408,25.59788,25.05,25.33463,67.79755,46.34588,68.54319,5.573213,3.798779,5.628951,66659.67,65141.43,67255.47,66339.56,64937.92,67200.34,0.7798161,7.741723
"2022-09-23 04:00:00",15,25.48047,63.86332,2.081186,0,0,0,"2022-09-23 03:00:30",0,25.39802,25.24569,25.08,25.50354,25.46945,25.39493,25.40585,25.1,25.51912,25.55729,25.06,25.29767,67.61443,45.27191,68.16213,5.561749,3.712999,5.601454,66651.37,65120.38,67182.54,66529.91,64974.96,67074.86,0.7790874,7.739125
"2022-09-23 05:00:00",16,25.45868,63.77907,2.07574,0,0,0,"2022-09-23 04:00:30",0,25.3508,25.2036,25.04,25.45984,25.42474,25.34362,25.36493,24.98,25.47447,25.50859,25.11,25.25401,67.40549,44.1832,67.78908,5.54885,3.626423,5.575262,66550.37,65065.48,67209.62,66464.48,65081.98,67066.36,0.779503,7.739656
"2022-09-23 06:00:00",17,25.44757,63.33722,2.059999,0,0,0,"2022-09-23 05:00:30",0,25.30274,25.16288,24.92,25.41715,25.38014,25.29633,25.32387,25.1,25.43087,25.46346,25,25.2086,66.98895,43.14813,67.44491,5.51869,3.544134,5.551584,66497.62,65007.54,67105.1,66601.35,64880.39,67129.59,0.7805985,7.742659
"2022-09-23 07:00:00",18,25.5998,63.10585,2.071109,0,0,0,"2022-09-23 06:00:30",0,25.25892,25.11701,24.97,25.37224,25.3367,25.25242,25.28072,25.07,25.39362,25.42204,24.86,25.16548,66.98189,42.59888,67.25961,5.52276,3.501796,5.54072,66447.84,64991.02,67187.04,66460.46,64893.96,67365.66,0.7826284,7.744551
"2022-09-23 08:00:00",19,24.58556,66.79591,2.06334,0,0,0,"2022-09-23 07:00:30",0,25.17131,25.05704,24.84,25.28876,25.25805,25.15648,25.24272,24.82,25.32582,25.34221,24.99,25.0948,66.6328,41.60517,66.93983,5.500045,3.422487,5.521542,66386.04,64790.23,67051.7,66607.06,65013.87,67092.55,0.7817158,7.741857
"2022-09-23 09:00:00",20,25.42779,66.60369,2.16382,0,0,0,"2022-09-23 08:00:30",0,24.79219,24.67943,24.75,25.18641,25.20006,25.03485,25.03607,24.83,25.22074,25.27195,24.72,25.01724,77.0565,57.29154,68.12968,6.415298,4.735705,5.627845,65409.09,65572.35,66971.25,65733.39,65803.78,67354.17,0.4558825,2.40071
"2022-09-23 10:00:00",21,25.80036,67.54063,2.243196,0,0,0,"2022-09-23 09:00:30",0,25.60887,24.95595,24.84,25.1669,25.1675,25.0958,24.95778,24.88,25.20492,25.2223,24.71,24.99485,63.34084,61.86729,64.69682,5.238065,5.116019,5.346364,65357.83,65649.8,66941.18,65551.88,65787.86,67329.91,0.4421043,4.624885
"2022-09-23 11:00:00",22,25.9953,67.93147,2.282337,0,0,0,"2022-09-23 10:00:30",0,25.95624,24.95815,24.88,25.15987,25.16575,25.09521,24.95325,24.88,25.22428,25.19718,24.71,24.98993,63.03583,57.27811,64.40874,5.212629,4.736933,5.32304,65298.29,65687.41,66927.64,65476.24,65852.06,67315.7,0.428977,4.885987
"2022-09-23 12:00:00",23,26.33928,67.7272,2.322339,0,0,0,"2022-09-23 11:00:30",0,26.3299,24.96975,24.82,25.17108,25.17997,25.11119,24.96326,24.84,25.19922,25.2474,24.9,24.99878,63.84849,58.05089,63.91755,5.278729,4.799995,5.281601,65384.22,65676.13,67035.92,65621.24,65888.83,67161.49,0.6396638,9.994578
"2022-09-23 13:00:00",24,42.18836,66.41113,2.382897,0,0,0,"2022-09-23 12:00:30",0,26.44589,24.98843,24.82,25.20191,25.19806,25.13144,24.98635,24.93,25.20095,25.28863,24.72,25.02013,64.92754,60.98017,63.68631,5.366078,5.040033,5.260417,65570.42,65780.66,67108.1,65793.12,65877.45,67469.86,0.5471504,4.217242
"2022-09-23 14:00:00",25,94.68224,"NAN","NAN",0,0,0,"2022-09-23 13:00:30",0,26.45671,25.02192,24.92,25.20662,25.21024,25.14569,25.00296,24.97,25.20807,25.30261,24.71,25.04999,61.38789,54.78354,60.31475,5.070399,4.526485,4.979182,65605.85,65752.1,67066.73,65723.42,65802.85,67467.48,0.5407641,4.211808
"2022-09-23 15:00:00",26,56.73201,66.50885,2.290291,0,0,0,"2022-09-23 14:00:30",0,26.38223,25.03041,24.93,25.21902,25.21748,25.15381,25.01437,24.85,25.19874,25.31054,24.74,25.05412,60.76581,53.66569,60.25257,5.018228,4.433188,4.973671,65715.91,65673.88,67050.97,65825.23,65871.02,67373.36,0.5485145,4.21264
"2022-09-26 12:00:00",27,-111.1831,-129.9721,-2.01811,0,0,0,"2022-09-26 11:24:30",0,"NAN",-15.13492,0,7.789001,2.703003,9.763824,-12.45791,0,14.11914,3.523941,0,-14.97547,-1.893888,-39.08707,-24.58914,-0.4659682,-8.831958,-5.941571,"NAN","NAN","NAN",0,0,0,16.23185,-26.63626
"2022-09-26 13:00:00",28,-114.9735,-140.989,-1.068761,0,0,0,"2022-09-26 12:00:30",0,"NAN",-16.08663,0,"NAN","NAN","NAN",-14.32185,0,"NAN","NAN",0,-16.03468,-2.409548,-48.07136,-26.7783,-0.6032783,-11.32928,-6.674006,"NAN","NAN","NAN",0,0,0,16.31108,-26.69873
"2022-09-26 14:00:00",29,-115.2089,-141.1492,-1.094218,0,0,0,"2022-09-26 13:00:30",0,"NAN",-16.09881,0,"NAN","NAN","NAN",-14.35622,0,"NAN","NAN",0,-16.04748,-2.549625,-48.17909,-26.89104,-0.6387112,-11.36767,-6.706277,"NAN","NAN","NAN",0,0,0,16.11434,-27.16444
"2022-09-26 15:00:00",30,-115.5726,-141.7942,-1.13138,0,0,0,"2022-09-26 14:00:30",0,"NAN",-16.14483,0,"NAN","NAN","NAN",-14.40617,0,"NAN","NAN",0,-16.09409,-2.565688,-48.39063,-26.98822,-0.6447373,-11.4366,-6.742396,"NAN","NAN","NAN",0,0,0,15.9947,-27.2557
"2022-09-28 11:00:00",31,-117.1003,-147.126,-1.541202,0,0,0,"2022-09-28 10:01:00",0,"NAN",-16.54026,0,10.65698,"NAN","NAN",-14.39316,0,17.27429,0.8929749,0,-16.44728,-2.650046,-47.5725,-27.34326,-0.69238,-11.54875,-6.975676,"NAN","NAN","NAN",0,0,0,16.11744,-28.95112
"2022-09-28 13:00:00",0,-191.5312,-196.0818,-88.02315,0,0,0,"2022-09-28 13:00:00",0,"NAN",-18.14243,0,"NAN","NAN","NAN",-10.83325,0,"NAN","NAN",0,-17.33673,-5.373209,-15.90216,-31.64207,-1.454094,-3.271238,-8.291748,0,0,0,0,0,0,0,0
"2022-09-28 14:00:00",1,-130.0089,-162.7311,-10.81314,0,0,0,"2022-09-28 13:49:00",0,"NAN",-17.69951,0,"NAN","NAN","NAN",-15.37698,0,"NAN","NAN",0,-17.56322,-4.448568,-52.29313,-31.28745,-1.187712,-12.92511,-8.283055,"NAN","NAN","NAN",0,0,0,16.78395,-28.1017
"2022-09-28 15:00:00",2,96.49004,-139.0509,-1.269081,0.537,0.443,1.475,"2022-09-28 14:31:00",0.4739419,"NAN",16.70748,27.87,11.07707,"NAN","NAN",16.64544,28.04,"NAN","NAN",27.91,16.08186,75.51585,62.55587,67.15577,5.735514,3.028672,3.961579,882.9,699.8,699.2,834.614,659.55,660.839,36.82814,66.33584
"2022-09-28 16:00:00",3,103.6239,59.21167,2.101172,1.402,0.975,4.125,"2022-09-28 16:00:00",8.200718,27.91366,27.99058,28.91,19.40221,29.05615,28.62098,27.93625,28.3,28.79232,28.69213,28.34,28.06241,102.6446,101.6963,102.7422,8.035651,7.969309,8.033315,882.9,699.8,699.2,818.644,656.539,655.336,0.2874566,6.412278
"2022-09-28 17:00:00",4,26.30136,54.47291,1.85807,3.718,2.278,9.6,"2022-09-28 16:35:30",118.4455,26.64052,28.17471,24.33,28.02745,27.65332,28.06862,27.41942,24.21,28.32297,27.74894,24.15,27.90074,109.4272,103.6395,107.5729,8.572828,8.223606,8.477077,62932.05,60566.7,61825.05,63797.36,61535.93,62902.86,0.7481234,5.838532
"2022-09-28 18:00:00",5,25.53607,52.50259,1.715145,3.293,0.551,4.7,"2022-09-28 17:22:00",38.74151,24.53098,24.38511,24.43,24.61945,24.61372,24.55185,24.35989,24.37,24.4772,24.53611,24.27,24.3312,105.7514,105.3334,106.6652,8.837946,8.807041,8.922847,63262.97,63197.39,63073.23,63988.59,64005.13,64018.91,0.7020229,1.750642
"2022-09-28 19:00:00",6,25.47944,44.78741,1.459277,1.881,0.699,3.325,"2022-09-28 18:07:00",9.447735,24.73692,24.59497,24.61,24.82862,24.82534,24.76836,24.59467,24.5,24.77605,24.87014,24.64,24.62582,113.9544,113.5143,116.0496,9.486567,9.449986,9.655474,63422.79,63307.94,63237.9,63929.61,63945.61,63710.82,0.6723373,1.741711
"2022-09-28 20:00:00",7,24.47166,50.24442,1.541673,1.541,0.44,2.525,"2022-09-28 19:25:00",4.571632,24.78922,24.65138,24.29,24.88224,24.87793,24.8161,24.64804,24.51,24.81923,24.91383,24.52,24.67241,118.7441,118.1026,120.7532,9.875128,9.822379,10.0383,63657.22,63337.27,63282.28,64552.54,63965.15,63886.79,0.6422291,1.711465
"2022-09-28 21:00:00",8,23.46991,56.28559,1.623962,0.798,0.451,1.8,"2022-09-28 20:04:00",1.004444,24.75787,24.61946,24.35,24.84865,24.84372,24.77925,24.61575,24.5,24.78563,24.88033,24.37,24.63895,116.9572,116.4216,118.7973,9.732274,9.68837,9.881826,63967.03,63321.47,63295.82,64810.27,63963.07,64119.49,0.6195006,1.62924
"2022-09-28 22:00:00",9,22.7383,58.5022,1.61767,0.512,0.293,1.175,"2022-09-28 21:19:00",0.2706495,24.68158,24.52988,24.43,24.76272,24.75451,24.68881,24.52936,24.4,24.70998,24.80313,24.23,24.55986,113.1983,112.8511,114.8337,9.435102,9.40626,9.56609,63985.14,63207.91,63269.5,64742.76,63969.05,64257.09,0.6492375,1.810084
"2022-09-28 23:00:00",10,22.09801,62.19384,1.653059,0.718,0.342,1.55,"2022-09-28 22:22:00",0.6212847,24.53149,24.36859,24.19,24.59565,24.58539,24.52588,24.37139,24.27,24.55849,24.64772,24.1,24.40897,109.9908,109.8564,111.3258,9.195231,9.183519,9.29985,63811.77,62934.17,62888.29,64862.7,63850.41,64037.54,0.5960149,1.622276
"2022-09-29 00:00:00",11,22.01729,63.07957,1.66826,0.978,0.416,1.825,"2022-09-28 23:16:30",1.420545,24.40875,24.25214,24.05,24.48204,24.47612,24.41383,24.25298,24.04,24.4238,24.52058,23.94,24.26869,106.2747,106.2772,107.2273,8.903868,8.903943,8.980917,63697.18,62909.35,62976.25,64926.77,64121.74,64320.38,0.5931982,1.545356
"2022-09-29 01:00:00",12,21.43914,60.72265,1.550812,0.629,0.399,1.775,"2022-09-29 00:37:00",0.578584,24.32036,24.16064,23.96,24.39225,24.38532,24.32418,24.16613,24.1,24.34677,24.43829,23.94,24.18809,102.7723,102.7146,103.1143,8.625129,8.619401,8.649399,63666.27,62807.07,62601.03,65010.03,63951.04,63943.63,0.5922285,1.571585
"2022-09-29 02:00:00",13,21.21818,56.22946,1.417022,0.895,0.532,2.15,"2022-09-29 01:25:00",1.511544,24.24748,24.08992,23.96,24.31808,24.31348,24.25059,24.09968,23.99,24.27275,24.36818,23.9,24.12133,98.92677,98.99961,98.83284,8.313369,8.317971,8.300595,63385.85,62583.73,62776.97,64737.11,63856.66,64191.93,0.5846237,1.518991
"2022-09-29 03:00:00",14,20.50547,54.79249,1.321084,0.635,0.509,1.625,"2022-09-29 02:19:00",0.7898141,24.13669,23.97456,23.85,24.19617,24.193,24.12624,23.98262,23.79,24.16468,24.25586,23.65,24.0155,97.35253,97.1128,96.36153,8.198724,8.177305,8.109068,62861.94,62508.5,62459.66,64331.62,64045.41,64200.98,0.6129109,1.455404
"2022-09-29 04:00:00",15,21.03893,57.52579,1.433354,0.288,0.366,1.4,"2022-09-29 03:15:30",0.1855863,23.96069,23.82777,23.73,24.07013,24.07365,23.9942,23.81694,23.68,23.98453,24.07509,23.53,23.83097,95.82487,96.06218,96.31875,8.092299,8.113983,8.133564,62955.41,62202.42,62340.12,64623.83,63882.09,64226.3,0.6006233,1.615196
"2022-09-29 05:00:00",16,21.23716,55.27805,1.395739,0.239,0.329,1.425,"2022-09-29 04:02:00",0.1436107,23.96143,23.79941,23.71,24.03196,24.0222,23.95687,23.80075,23.73,23.99071,24.08453,23.65,23.84778,91.16576,91.86942,90.91539,7.702942,7.762208,7.674861,62791.84,62373.9,62288.23,64452.76,63980.84,64023.55,0.5636845,1.478402
"2022-09-29 06:00:00",17,20.11396,57.18959,1.345425,0.092,0.197,1.075,"2022-09-29 05:28:30",0.02949074,23.92459,23.77328,23.6,24.00482,23.99783,23.93358,23.77686,23.62,23.95234,24.04621,23.59,23.7983,88.21907,88.88454,87.88377,7.457668,7.513413,7.425834,62668.21,62070.06,62155.14,64479.8,63819.98,63946.68,0.6093195,1.534337
"2022-09-29 07:00:00",18,19.90112,55.74142,1.294582,0.253,0.358,1.55,"2022-09-29 06:24:30",0.1751056,23.77159,23.62091,23.45,23.84936,23.8419,23.77901,23.62337,23.38,23.79057,23.88221,23.19,23.63967,89.19215,89.71435,89.27337,7.561452,7.60537,7.56566,62577.01,61998.63,62164.92,64583.93,64071.65,64480.82,0.6051194,1.461637
"2022-09-29 08:00:00",19,20.23508,55.37597,1.313431,0.449,0.426,1.55,"2022-09-29 07:03:00",0.382778,23.66502,23.53745,23.39,23.79403,23.78437,23.72481,23.52624,23.26,23.68449,23.77841,23.43,23.52221,85.88757,86.23405,85.35316,7.292712,7.323665,7.249427,62014.64,61759.46,61773.9,64070.25,63980.39,63782.38,0.558358,1.538015
"2022-09-29 09:00:00",20,-116.5257,-142.5235,-5.227561,0,0,0,"2022-09-29 08:42:00",0,"NAN",-16.12346,0,10.77922,"NAN","NAN",-12.58998,0,15.68635,0.7703145,0,-15.92757,-2.262771,-38.61917,-26.16086,-0.5693566,-8.578577,-6.49267,"NAN","NAN","NAN",0,0,0,18.84486,-22.48871
"2022-09-29 10:00:00",21,20.83776,-27.1801,0.4304518,0.189,0.329,1.425,"2022-09-29 09:53:30",0.1353637,23.73964,13.26713,23.5,19.17554,23.84218,23.78,13.61152,23.59,23.75883,23.85751,23.32,12.49752,65.27083,54.03316,55.3465,5.439262,3.103819,3.580514,62188.77,61788.05,61836.33,64109.34,63587.37,64017.75,0.566639,1.552201
"2022-09-29 11:00:00",22,24.19065,42.34525,1.277933,0.64,0.483,1.775,"2022-09-29 10:13:00",0.7338221,23.78667,23.60857,23.54,23.87944,23.86906,23.69264,23.55148,23.57,23.76344,23.74988,23.59,23.61921,90.11882,90.32442,90.73837,7.641751,7.668368,7.693401,62206.87,61991.83,61915.27,64078.33,63850.43,63689.54,0.5739927,1.550839
"2022-09-29 12:00:00",23,24.79022,38.00166,1.188369,0.713,0.558,1.975,"2022-09-29 11:28:30",1.08834,23.87508,23.70892,23.69,23.96638,23.95703,23.90207,23.7175,23.57,23.91048,24.01941,23.75,23.77095,94.96432,95.10929,95.92012,8.037466,8.048424,8.1089,62534.77,62161.82,62094.99,64224.46,63996.09,63674.43,0.6269416,1.570729
"2022-09-29 13:00:00",24,24.69105,41.2848,1.280103,1.09,0.53,2.3,"2022-09-29 12:15:00",2.18545,24.03195,23.8208,23.69,24.0725,24.07018,24.04684,23.87268,23.83,24.04992,24.16632,23.9,23.98614,100.668,100.5931,103.2271,8.50229,8.487684,8.69133,62510.66,62361.11,62349.89,64180.78,63839.09,63757.29,0.5562904,1.496
"2022-09-29 14:00:00",25,23.92524,53.50212,1.587639,1.896,0.31,2.575,"2022-09-29 13:33:30",7.355502,24.13181,23.95502,23.89,24.22227,24.20584,24.14075,23.97159,23.86,24.14667,24.26045,23.82,24.05568,107.7145,106.8198,109.1538,9.07468,8.996556,9.17872,62681.79,62254.3,62221.3,64096.6,63708.55,63729.5,0.5814053,1.574093
"2022-09-29 15:00:00",26,24.0838,51.89081,1.555742,2.155,0.256,2.75,"2022-09-29 14:21:30",10.42773,24.24026,24.07128,24.16,24.32205,24.31315,24.2562,24.08175,24.21,24.26876,24.36742,24.03,24.15647,110.4417,110.511,113.3191,9.284231,9.288085,9.510786,63051.17,62592.72,62525.85,64121.98,63597.85,63771.09,0.5648592,1.564994
"2022-09-29 16:00:00",27,24.12257,53.93283,1.6205,2.989,0.472,3.9,"2022-09-29 15:43:30",28.68104,24.3877,24.21617,24.03,24.46636,24.46314,24.40357,24.22178,24.05,24.41826,24.51405,24.2,24.27398,115.1935,115.7839,119.1997,9.657579,9.706087,9.982716,62968.99,62723.6,62628.85,64232.1,63940.91,63657.79,0.6261784,1.653073
"2022-09-29 17:00:00",28,23.88668,60.38151,1.788816,3.689,0.371,4.525,"2022-09-29 16:23:30",51.70063,24.40214,24.2387,24.23,24.48915,24.48255,24.41896,24.23126,24.05,24.43007,24.52932,24.11,24.26627,118.6601,117.5864,120.7765,9.944059,9.855447,10.11623,63082.81,62740.89,62741.66,64076.29,63925.56,63865.4,0.6458835,1.629293
"2022-09-29 18:00:00",29,24.21494,68.23729,2.061846,3.069,0.394,4.075,"2022-09-29 17:01:30",30.37383,24.38547,24.22362,24.19,24.47156,24.46546,24.40068,24.21823,24.17,24.41541,24.51061,23.98,24.25179,119.2443,117.6225,120.7426,9.995826,9.860865,10.11611,63046.62,62710.81,62708.57,64059.08,63755.55,64016.91,0.680461,1.627453
"2022-09-29 19:00:00",30,24.5006,60.7368,1.866835,2.257,0.452,3.1,"2022-09-29 18:33:30",12.85322,24.32255,24.15198,23.88,24.39513,24.39441,24.34014,24.15847,24.03,24.35575,24.44878,24,24.18786,113.4211,113.0214,115.4354,9.520281,9.485572,9.682851,62979.53,62629.57,62651.41,64412.99,63843.07,63953.19,0.6697298,1.619488
"2022-09-29 20:00:00",31,23.67967,63.93853,1.871044,1.569,0.699,3,"2022-09-29 19:48:00",6.207523,24.27986,24.1111,24.03,24.35771,24.35669,24.29243,24.11651,24.05,24.31143,24.40247,23.88,24.14271,106.5926,106.4655,108.0448,8.953999,8.942437,9.070652,62948.62,62640.11,62600.26,64211.21,63848.6,64036.33,0.6232453,1.660553
"2022-09-29 21:00:00",32,23.68782,51.55325,1.506954,1.824,0.936,4,"2022-09-29 21:00:00",10.63607,24.2151,24.03922,23.89,24.28286,24.28262,24.21628,24.04328,23.83,24.23539,24.32557,24.08,24.06404,101.6826,101.1759,101.9019,8.553051,8.509784,8.567531,62765.45,62577.69,62620.59,64184.71,64054.99,63805.05,0.6886829,1.541921
"2022-09-29 22:00:00",33,23.04378,44.72249,1.257609,2.692,0.853,4.65,"2022-09-29 21:01:30",25.23459,24.11807,23.95696,23.86,24.19941,24.20072,24.1308,23.95148,23.79,24.15284,24.24226,23.81,23.97453,102.8325,101.626,102.3324,8.66312,8.562386,8.618208,62701.38,62485.94,62543.14,64167.27,64037.45,64064.8,0.6281531,1.561064
"2022-09-29 23:00:00",34,20.97509,56.95706,1.410646,3.178,0.884,6.075,"2022-09-29 22:10:30",40.01242,24.15946,24.00571,23.76,24.25195,24.24825,24.17511,23.99407,23.81,24.19602,24.28712,23.73,24.01637,103.2236,102.5575,103.4382,8.688134,8.633951,8.704467,62679.51,62375.42,62317.54,64279.76,63899.52,63936.8,0.5920677,1.712051
"2022-09-30 00:00:00",35,19.13493,64.2132,1.418131,2.674,0.768,4.825,"2022-09-29 23:02:00",23.96766,24.01995,23.83607,23.75,24.08678,24.08418,24.03972,23.86137,23.65,24.06016,24.14909,23.69,23.8771,103.6515,103.0847,104.022,8.75174,8.699796,8.776299,62538.56,62140.01,62355.17,64126.99,63858.29,64036.13,0.6075081,1.732802
"2022-09-30 01:00:00",36,17.6113,73.21078,1.473463,1.115,0.744,3.05,"2022-09-30 00:07:00",3.542599,23.90376,23.73215,23.66,23.97939,23.97565,23.91356,23.74321,23.64,23.93314,24.02463,23.58,23.77301,101.3596,99.92349,100.5004,8.575055,8.451818,8.495868,62870.23,62055.01,62045.37,64583.94,63763.1,63873.29,0.5928066,1.59108
"2022-09-30 02:00:00",37,18.4015,69.28987,1.465209,1.461,0.94,3.9,"2022-09-30 01:54:00",7.266843,23.84877,23.67768,23.59,23.92419,23.92057,23.85945,23.68933,23.59,23.87834,23.97101,23.63,23.71101,99.28288,98.00449,98.02641,8.407956,8.297873,8.296349,62917.72,62077.58,62227.35,64741.44,63884.8,63971.61,0.5744956,1.530123
"2022-09-30 03:00:00",38,18.81198,62.37722,1.353877,3.083,0.554,4.4,"2022-09-30 02:39:30",32.16189,23.73652,23.55904,23.41,23.8083,23.80609,23.74684,23.57646,23.48,23.76912,23.85825,23.46,23.60015,98.44896,97.54858,97.92043,8.355919,8.276784,8.304633,62613.17,61773,61745.34,64691.66,63708.51,63729.9,0.5898783,1.528545
"2022-09-30 04:00:00",39,18.70765,60.71403,1.309292,2.664,0.627,4.375,"2022-09-30 03:19:00",22.03995,23.48468,23.29111,23.05,23.53712,23.53739,23.49837,23.33093,23.01,23.52015,23.6097,23.08,23.35182,96.71949,95.963,96.10201,8.250616,8.179948,8.188581,62222.71,61480.46,61597.94,64753.69,64032.09,64056.51,0.6164833,1.5317
"2022-09-30 05:00:00",40,18.21263,61.16161,1.278569,2.066,0.57,3.7,"2022-09-30 04:03:00",10.85357,23.28772,23.11564,22.9,23.3609,23.35647,23.29771,23.12963,22.91,23.31794,23.4099,22.77,23.14779,93.98727,93.36734,93.26198,8.044272,7.989095,7.977337,62129.22,61205.21,61367.11,64833.88,63858.15,64217.67,0.6128741,1.606248
"2022-09-30 06:00:00",41,17.72284,61.5498,1.247699,2.045,0.512,3.425,"2022-09-30 05:12:30",10.18536,23.14276,22.96639,22.7,23.20867,23.20827,23.15234,22.98738,22.68,23.17432,23.26644,22.7,23.00311,90.69454,90.3266,90.03001,7.784364,7.749687,7.721921,61893.29,60984.85,61207.71,64859.86,63923.13,64152.92,0.6174538,1.52414
"2022-09-30 07:00:00",42,17.50766,60.1438,1.202751,2.356,0.531,4.1,"2022-09-30 06:15:00",15.11309,22.96745,22.78134,22.61,23.02322,23.02222,22.97722,22.8097,22.62,22.99649,23.08875,22.62,22.82858,89.1476,88.52443,88.23227,7.678565,7.62078,7.592909,61427.42,60759.98,60918.97,64505.28,63785.85,63978.74,0.6324097,1.525709
"2022-09-30 08:00:00",43,17.41599,59.22849,1.177382,2.546,0.632,4.925,"2022-09-30 07:53:30",19.75408,22.81254,22.62918,22.51,22.87037,22.86997,22.8194,22.65089,22.56,22.83928,22.93363,22.41,22.67167,87.78778,87.3712,87.11023,7.583478,7.544378,7.518876,60853.01,60523.09,60583.62,64064.16,63640.27,63894.36,0.634416,1.548313
"2022-09-30 09:00:00",44,18.31341,54.45531,1.145398,3.321,0.756,5.25,"2022-09-30 08:49:00",42.38845,22.70426,22.51844,22.36,22.76175,22.76112,22.70983,22.5403,22.32,22.72944,22.82562,22.52,22.56676,88.41296,88.86671,89.05555,7.653647,7.689705,7.702152,60725.62,60465.94,60519.69,64127.3,63895.64,63678.94,0.5869877,1.585558
"2022-09-30 10:00:00",45,19.13964,48.89967,1.082692,3.999,0.803,5.85,"2022-09-30 10:00:00",71.66831,22.63091,22.43676,22.42,22.68073,22.68201,22.63225,22.46416,22.37,22.65045,22.74761,22.52,22.48788,90.94473,91.60686,91.95512,7.885126,7.938391,7.964962,60804.77,60499.77,60452.02,64111.04,63845.79,63619.3,0.5450925,1.559143
"2022-09-30 11:00:00",46,20.24552,43.40186,1.029478,3.467,0.861,6.775,"2022-09-30 10:29:00",50.07559,22.5684,22.3742,22.27,22.62784,22.63382,22.57446,22.40969,22.19,22.59025,22.68987,22.21,22.44353,95.56425,96.20684,96.87715,8.295723,8.345852,8.398553,60476.09,60291.46,60241.48,63966.08,63874.11,63795.39,0.5355844,1.559647
"2022-09-30 12:00:00",47,21.60688,40.82206,1.053319,3.089,0.597,4.525,"2022-09-30 11:45:00",32.77182,22.7137,22.53999,22.65,22.78425,22.77953,22.71846,22.55232,22.74,22.73486,22.83733,22.6,22.58314,101.208,101.1293,102.1544,8.757302,8.748538,8.831989,61016.6,60690.05,60716.69,64014.06,63545.57,63782.34,0.5691016,1.549631
"2022-09-30 13:00:00",48,22.05278,42.70778,1.132479,1.589,0.641,3.675,"2022-09-30 12:11:30",5.988413,23.00148,22.80104,22.67,23.03066,23.04751,23.01996,22.86479,22.93,23.02498,23.13396,23.05,22.9315,105.0639,105.533,107.2687,9.046021,9.075539,9.213135,61316.61,61123.98,61134.77,64298.6,63788.1,63611.91,0.5330621,1.494438
"2022-09-30 14:00:00",49,21.9598,47.56186,1.253904,2.395,0.4,3.275,"2022-09-30 13:32:00",14.87985,23.42945,23.18281,23.19,23.35948,23.42228,23.45285,23.31002,23.3,23.45291,23.558,23.33,23.40066,110.2155,108.4216,110.2036,9.421053,9.24563,9.381542,61880.46,61575.97,61638.56,64195.26,63763.94,63753.3,0.5324998,1.518465
"2022-09-30 15:00:00",50,22.09231,51.58242,1.370938,3.549,0.524,4.65,"2022-09-30 14:53:30",47.593,23.61286,23.42444,23.47,23.64601,23.66564,23.62055,23.46181,23.38,23.63623,23.73122,23.21,23.51768,114.6561,113.2312,115.7418,9.75618,9.628187,9.831378,61927.96,61673.72,61767.15,63886.84,63762.31,64053.57,0.5670041,1.605757
"2022-09-30 16:00:00",51,22.12301,54.40864,1.448852,4.4,0.327,5.15,"2022-09-30 15:31:00",86.61588,23.65084,23.47992,23.44,23.72929,23.72858,23.66784,23.49261,23.43,23.68309,23.77887,23.34,23.53015,118.897,117.9995,121.0672,10.10653,10.02785,10.28127,62088.53,61716.58,61776.19,64090.75,63702.88,63892.02,0.6007524,1.612728
"2022-09-30 17:00:00",52,22.16018,56.2785,1.501998,4.624,0.408,5.65,"2022-09-30 16:47:30",101.1964,23.61205,23.45175,23.22,23.70379,23.69721,23.6259,23.44896,23.3,23.64207,23.73845,23.32,23.47398,119.0262,117.9034,120.9993,10.1229,10.02793,10.28639,61818.65,61585.73,61647.59,64097.29,63736.44,63805.88,0.6401627,1.799354
"2022-09-30 18:00:00",53,22.19685,58.46435,1.563796,4.922,0.358,5.85,"2022-09-30 17:13:00",121.0998,23.49488,23.33937,23.22,23.5915,23.58391,23.50876,23.3324,23.26,23.52596,23.62222,23.16,23.35379,116.6728,115.9081,118.7602,9.943725,9.879856,10.11887,61818.64,61439.07,61481.42,64106.41,63680.41,63829.29,0.7425219,2.157384
"2022-09-30 19:00:00",54,22.14585,59.93679,1.598203,4.327,0.379,5.2,"2022-09-30 18:09:00",82.88026,23.39285,23.23304,23.09,23.48198,23.47887,23.40819,23.23356,23.15,23.42599,23.52245,23.13,23.25494,110.0889,109.5173,111.5594,9.401474,9.352558,9.52309,61698.8,61416.5,61478.4,64172.3,63763.45,63848.96,0.7754448,1.890933
"2022-09-30 20:00:00",55,22.05588,60.93679,1.616105,4.038,0.529,5.35,"2022-09-30 19:10:30",69.29729,23.49922,23.34566,23.17,23.595,23.59322,23.51563,23.33838,23.29,23.53274,23.63078,23.31,23.35844,113.347,112.5598,114.867,9.659097,9.593334,9.786257,62070.42,61674.48,61731.05,64423.49,63848.25,63887.36,0.7404011,2.004587
"2022-09-30 21:00:00",56,21.68132,61.2729,1.587971,1.434,1.151,3.95,"2022-09-30 20:01:00",9.086283,23.68627,23.52671,23.48,23.777,23.77341,23.70041,23.52107,23.5,23.71669,23.81364,23.43,23.545,121.2467,120.0793,123.2668,10.297,10.19894,10.46494,62158.63,61888.06,61961.13,64086.1,63789.62,63992.44,0.6474915,1.719442
"2022-09-30 22:00:00",57,20.76561,62.48717,1.53091,0.075,0.174,0.875,"2022-09-30 21:02:30",0.01963214,23.74084,23.57289,23.55,23.82392,23.81995,23.74889,23.57088,23.54,23.76527,23.86215,23.57,23.59845,120.6583,119.4789,122.5082,10.23828,10.1386,10.39025,62153.35,61818.89,61967.92,64013.18,63696.96,63804.05,0.6030554,1.577946
"2022-09-30 23:00:00",58,20.49103,65.83263,1.586062,0.046,0.114,0.5,"2022-09-30 22:26:30",0.005381776,23.67653,23.44199,23.13,23.62865,23.71189,23.6906,23.51506,23.23,23.70924,23.80393,23.41,23.53884,104.7314,109.1265,110.8548,8.908174,9.26972,9.412292,61871.42,61654.17,61960.38,64295.73,63898.88,64022.52,0.5962613,1.54382
"2022-10-01 00:00:00",59,19.48531,67.29219,1.522527,0.504,0.51,1.725,"2022-09-30 23:46:30",0.6230972,23.51766,23.27976,23,23.44563,23.56461,23.52463,23.3564,23.06,23.54769,23.6386,23.41,23.37634,97.41354,101.0066,101.7902,8.311602,8.605705,8.669175,61696.55,61508.28,61799.48,64263.01,63987.96,63826.37,0.6274856,1.487342
"2022-10-01 01:00:00",60,18.31671,70.63441,1.486287,1.089,0.332,1.8,"2022-10-01 00:25:30",1.643204,23.34339,23.17085,23.11,23.40688,23.41198,23.34992,23.18357,23.05,23.36949,23.46191,22.93,23.20406,92.99289,93.00656,93.18758,7.950845,7.950036,7.962415,61837.5,61292.44,61583.68,64276.3,63780.37,64251.29,0.6639296,1.538381
"2022-10-01 02:00:00",61,17.80817,69.04144,1.407175,1.551,0.159,1.925,"2022-10-01 01:05:00",3.850128,23.24902,23.07948,23.01,23.31631,23.31802,23.25775,23.08921,22.91,23.27792,23.37196,23,23.1095,95.50806,94.97033,95.00562,8.180006,8.132457,8.13236,61957.35,61109.7,61594.2,64516.34,63766.29,64159.53,0.6217878,1.538287
"2022-10-01 03:00:00",62,17.1587,68.9263,1.34804,1.649,0.253,2.225,"2022-10-01 02:44:00",4.796343,23.07584,22.9081,22.81,23.14651,23.14595,23.08615,22.92301,22.61,23.11092,23.20274,22.74,22.94364,91.27904,90.82182,90.73685,7.843265,7.801746,7.791386,61845.03,60967.55,61254.33,64688.22,64037.07,64145.3,0.620134,1.554957
"2022-10-01 04:00:00",63,16.31126,72.54896,1.344596,1.059,0.379,1.875,"2022-10-01 03:01:30",1.629537,22.96376,22.79518,22.61,23.03293,23.03214,22.97156,22.80486,22.73,22.99157,23.08554,22.51,22.83105,90.36253,89.46339,89.21387,7.781284,7.702427,7.677121,61843.53,61003.66,61282.91,64950,63889.46,64505.08,0.7027675,1.543181
"2022-10-01 05:00:00",64,16.56135,72.15155,1.358727,1.063,0.312,1.7,"2022-10-01 04:43:00",1.489377,22.84777,22.66992,22.46,22.90744,22.9074,22.8569,22.69597,22.55,22.87728,22.96912,22.38,22.72093,92.41361,91.34744,91.02665,7.976824,7.880916,7.849497,61496.77,60675.02,60785.12,64781.54,63778.14,64141.62,0.6329965,1.704144
"2022-10-01 06:00:00",65,16.20227,74.92395,1.379111,0.204,0.257,0.875,"2022-10-01 05:02:00",0.06501232,22.5951,22.42952,22.15,22.66553,22.66202,22.60797,22.4495,22.18,22.62933,22.72143,22.23,22.47898,88.63342,88.49249,88.13433,7.68572,7.670559,7.635211,61195.23,60462.18,60697.15,64889.9,64095.23,64241.24,0.6068322,1.68453
"2022-10-01 07:00:00",66,15.97978,75.53273,1.370954,0.396,0.432,1.55,"2022-10-01 06:51:30",0.3362978,22.5578,22.40441,22.3,22.64072,22.63824,22.56245,22.38898,22.2,22.58151,22.68137,22.16,22.4139,86.04346,85.87167,85.30636,7.464791,7.452071,7.399478,61004.52,60353.13,60543.76,64497.74,63937.31,64167.96,0.6184595,1.624288
"2022-10-01 08:00:00",67,16.52232,69.04314,1.296645,0.354,0.337,1.25,"2022-10-01 07:09:30",0.1831746,22.44596,22.27256,22.2,22.50855,22.51414,22.45958,22.29235,22.07,22.48376,22.57747,22.18,22.32629,81.82723,81.89247,81.33112,7.116897,7.119833,7.06644,60418.81,60164.37,60224.93,63970.82,63906.38,63857.73,0.6424094,1.614363
"2022-10-01 09:00:00",68,18.95673,59.62237,1.304727,0.297,0.355,1.225,"2022-10-01 08:42:00",0.186151,22.37646,22.20459,22.04,22.44354,22.44073,22.38996,22.23051,22.04,22.41392,22.50619,22.14,22.2668,82.40147,82.70907,82.74854,7.176258,7.199443,7.197863,60514.56,60164.36,60255.77,64323.01,63940.76,63896.16,0.617292,1.580765
"2022-10-01 10:00:00",69,20.42515,57.45578,1.378681,0.837,0.425,1.5,"2022-10-01 09:41:00",1.014877,22.4492,22.24922,22.15,22.48417,22.49252,22.46423,22.29883,22.3,22.47742,22.57341,22.15,22.34994,85.88773,87.3047,87.67268,7.47342,7.589523,7.614036,60506.25,60295.97,60383.58,64151.57,63734.3,64025.73,0.5900574,1.58753
"2022-10-01 11:00:00",70,21.12885,57.95243,1.452184,1.464,0.533,2.3,"2022-10-01 10:23:30",4.188955,22.61717,22.41475,22.44,22.64014,22.68158,22.6353,22.46972,22.36,22.64287,22.74149,22.64,22.52842,91.32721,92.06446,92.63972,7.921332,7.976945,8.017759,60984.94,60560.69,60633.24,64279.12,63934.72,63646.55,0.5453156,1.671117
"2022-10-01 12:00:00",71,21.91626,57.98842,1.524497,2.041,0.319,2.7,"2022-10-01 11:39:30",9.110507,22.81609,22.61479,22.65,22.85243,22.85736,22.82637,22.68149,22.68,22.82909,22.92759,22.8,22.78306,98.02603,98.35169,99.67225,8.470149,8.487497,8.584778,61131.93,60925.45,61070.11,64142.04,63881.25,63870.38,0.5558131,1.578634
"2022-10-01 13:00:00",72,22.49174,53.71707,1.462785,2.13,0.328,2.95,"2022-10-01 12:36:00",10.35317,23.13376,22.86185,22.82,23.0928,23.09841,23.11665,23.0036,22.99,23.11661,23.20201,22.96,23.0887,101.7881,98.81738,99.48637,8.753859,8.47563,8.519235,61491.5,61184.92,61307.72,64291.92,63765.29,63936.02,0.5350164,1.576005
"2022-10-01 14:00:00",73,22.48908,55.13173,1.501071,2.775,0.379,3.775,"2022-10-01 13:26:30",22.54949,23.27862,23.07739,22.98,23.31787,23.31627,23.2848,23.15387,22.99,23.29398,23.38297,23.06,23.22691,107.0673,103.7811,104.5273,9.170376,8.876072,8.927573,61590.23,61317.26,61359.6,64187.99,63897.32,63835.27,0.5493394,1.56176
"2022-10-01 15:00:00",74,22.57037,58.81709,1.609354,3.104,0.389,3.85,"2022-10-01 14:27:00",31.32114,23.36308,23.1666,23.15,23.4029,23.40598,23.36771,23.21231,23.29,23.38507,23.47496,23.08,23.27064,108.6079,106.3447,107.8824,9.286656,9.085304,9.206529,61693.52,61387.93,61488.18,64045.99,63569.69,63948.46,0.6117281,1.574445
"2022-10-01 16:00:00",75,22.68583,59.19859,1.631207,3.388,0.447,4.925,"2022-10-01 15:59:30",40.96441,23.44772,23.27629,23.14,23.52565,23.52444,23.45965,23.27585,23.19,23.47478,23.57072,23.18,23.31853,111.2697,109.4788,111.5273,9.494576,9.341838,9.508974,61867.65,61507.53,61646.08,64279.05,63802.63,63963.76,0.618044,1.599506
"2022-10-01 17:00:00",76,22.70652,61.0802,1.685099,4.098,0.476,5.175,"2022-10-01 16:21:00",71.60889,23.46859,23.302,23.24,23.55577,23.5493,23.47979,23.2978,23.31,23.4906,23.58978,23.15,23.325,114.0441,113.2334,115.898,9.726592,9.658208,9.880414,61827.7,61578.98,61718.28,64084.21,63721.28,64085.61,0.6540143,1.614524
"2022-10-01 18:00:00",77,22.6007,63.515,1.741034,3.4,0.416,4.325,"2022-10-01 17:18:00",41.07422,23.59087,23.42924,23.48,23.67547,23.67813,23.60573,23.4171,23.41,23.61699,23.71936,23.46,23.44371,114.3494,113.4598,116.0799,9.729225,9.655745,9.873757,62242.29,61965.52,62058.9,64200.48,63990.84,64042.69,0.7119219,1.5938
"2022-10-01 19:00:00",78,22.48795,64.01307,1.742767,1.454,0.331,2.35,"2022-10-01 18:03:00",3.570063,23.88731,23.73673,23.6,23.9886,23.98742,23.90004,23.69453,23.67,23.91153,24.01526,23.68,23.70697,129.0932,125.597,128.8432,10.92017,10.633,10.90528,62570.96,62137,62275.45,64364.31,63845.44,63976.55,0.7130439,1.45484
"2022-10-01 20:00:00",79,22.52134,63.80465,1.74062,1.553,0.245,2.1,"2022-10-01 19:54:30",4.020452,23.8945,23.72028,23.56,23.93971,23.96473,23.90438,23.72539,23.49,23.92454,24.02036,23.66,23.74429,124.8211,124.6809,128.0278,10.56195,10.54907,10.82829,62356.11,62079.11,62146.1,64206.26,64002.55,63849.04,0.6072369,1.452713
"2022-10-01 21:00:00",80,22.69826,61.29566,1.690205,1.68,0.256,2.425,"2022-10-01 20:41:00",5.077199,23.80737,23.62718,23.39,23.82701,23.87682,23.81282,23.62379,23.41,23.83112,23.92989,23.49,23.61692,117.6734,114.6573,115.8577,9.97487,9.719797,9.822874,62291.31,61975.29,62025.81,64360.13,64024.68,63944.61,0.6173578,1.448236
"2022-10-01 22:00:00",81,22.75797,59.61732,1.64992,1.878,0.353,3.525,"2022-10-01 21:40:30",7.361708,23.73819,23.55788,23.42,23.75225,23.80639,23.74964,23.5658,23.41,23.76831,23.86265,23.46,23.58794,121.7552,117.4017,119.1683,10.33432,9.963313,10.10903,62248.32,61891.82,61837.08,64309.26,63947.08,63804.59,0.6227421,1.449241
"2022-10-01 23:00:00",82,21.01584,64.30558,1.594707,0.997,0.521,2.125,"2022-10-01 23:00:00",1.806249,23.65639,23.48752,23.37,23.72802,23.73113,23.66555,23.4754,23.24,23.68698,23.78493,23.39,23.47701,117.5557,112.6998,113.815,9.990986,9.580551,9.675059,62050.09,61730.12,61988.22,64138.26,63971.3,64078.01,0.556955,1.421177
"2022-10-02 00:00:00",83,18.80093,71.32404,1.546967,1.55,0.294,2.125,"2022-10-01 23:34:00",4.108178,23.56801,23.41207,23.17,23.65415,23.65092,23.58041,23.40548,23.33,23.5984,23.69539,23.33,23.42367,115.6868,113.4884,115.6722,9.846222,9.660304,9.842815,61931.73,61730.13,61785.18,64288.1,63855.91,63923.23,0.5451497,1.36549
"2022-10-02 01:00:00",84,18.50421,71.85857,1.529639,1.111,0.399,1.875,"2022-10-02 00:28:30",1.869661,23.49647,23.31143,23.06,23.54568,23.55096,23.50406,23.33893,23.17,23.52396,23.61621,23.23,23.36381,111.308,109.6602,111.3343,9.491533,9.346113,9.484343,62065.14,61619.58,61763.39,64591.36,63973.31,64048.96,0.8579631,1.458028
"2022-10-02 02:00:00",85,18.28385,71.42296,1.499387,1.502,0.264,2.1,"2022-10-02 01:26:30",3.697082,23.38248,23.19518,22.89,23.42298,23.44016,23.38572,23.22777,22.99,23.40881,23.49872,22.95,23.25526,104.9326,107.6685,109.0897,8.967447,9.195746,9.312277,62160.89,61489.48,61720.51,64921.07,64047.83,64383.92,0.708453,1.413335
"2022-10-02 03:00:00",86,19.10055,66.96425,1.479919,2.156,0.437,3.425,"2022-10-02 02:39:30",11.26952,23.1605,23.03807,22.88,23.27398,23.27901,23.17055,23.01709,22.8,23.19604,23.28923,22.61,23.03854,107.3257,109.6448,111.2792,9.199365,9.401851,9.538161,61961.87,61393.21,61666.4,64712.98,64215.98,64762.21,0.5690905,1.393367
"2022-10-02 04:00:00",87,18.55751,70.94754,1.515566,2.131,0.491,3.55,"2022-10-02 03:52:00",11.22172,23.03064,22.84579,22.76,23.08138,23.08202,23.03569,22.87379,22.73,23.05488,23.14688,22.83,22.89074,105.3164,103.9029,104.7289,9.060177,8.933814,9.001951,61998.07,61147.3,61340.03,64899.46,64043.37,64139.04,0.601422,1.424849
"2022-10-02 05:00:00",88,18.54184,73.61316,1.571023,2.439,0.391,3.525,"2022-10-02 04:42:30",15.65241,22.65827,22.45633,22.25,22.69814,22.69902,22.6648,22.51812,22.25,22.68752,22.7721,22.23,22.55114,96.2887,96.20078,96.65192,8.344873,8.327283,8.360966,61382.18,60667.49,60760.32,64935.68,64180.27,64316.06,0.6109157,1.486483
"2022-10-02 06:00:00",89,18.44141,72.70155,1.541844,2.511,0.37,3.325,"2022-10-02 05:48:00",16.86749,22.50502,22.33636,22.21,22.57534,22.57364,22.51477,22.34723,22.16,22.53287,22.62832,22.16,22.36886,91.42011,91.08444,90.91518,7.941545,7.910761,7.892791,61448.52,60585.52,60453.52,65077.84,64221.75,64091.72,0.6377085,1.483488
"2022-10-02 07:00:00",90,18.31888,72.16346,1.518719,2.792,0.363,3.725,"2022-10-02 06:20:30",22.88093,22.4497,22.28106,22.21,22.51788,22.5155,22.45483,22.28922,22.13,22.47719,22.57193,22.2,22.30925,87.10614,86.83927,86.48528,7.57482,7.550434,7.516766,61269.11,60411.8,60479.83,64880.67,64087.82,64068.59,0.646836,1.44516
"2022-10-02 08:00:00",91,18.53312,70.56441,1.504936,2.561,0.424,3.55,"2022-10-02 07:15:30",18.16669,22.37569,22.20937,22.13,22.45347,22.44754,22.38041,22.21193,22.05,22.40775,22.5029,22.04,22.23896,83.74928,83.5215,83.33056,7.292955,7.272749,7.252365,60500.99,60257.62,60292.62,64204.32,64031.27,64101.16,0.6092872,1.452507
"2022-10-02 09:00:00",92,20.12371,65.31872,1.537591,2.421,0.411,3.675,"2022-10-02 08:05:30",15.44109,22.40145,22.22753,22.18,22.46916,22.46306,22.40045,22.23363,22.12,22.42534,22.5205,22.09,22.2534,84.93262,85.30978,85.47242,7.393404,7.425343,7.436675,60616.31,60330.58,60386.6,64233.02,64015.84,64109.79,0.6188171,1.464945
"2022-10-02 10:00:00",93,21.77948,60.60986,1.580449,2.6,0.398,3.525,"2022-10-02 09:45:00",18.79708,22.47041,22.28219,22.33,22.51934,22.52473,22.48477,22.33256,22.23,22.50177,22.59635,22.14,22.38756,90.30801,90.77344,91.09206,7.853047,7.885921,7.905253,60807.76,60433.62,60473.84,64238.11,63963.32,64144.15,0.5766273,1.478016
"2022-10-02 11:00:00",94,22.29525,62.73491,1.688006,2.837,0.46,4.475,"2022-10-02 10:19:00",24.68972,22.61215,22.41407,22.47,22.64407,22.65781,22.66154,22.53922,22.42,22.64449,22.7409,22.44,22.61257,97.39076,97.01931,97.53142,8.447431,8.395151,8.427638,60791.95,60608.08,60706.92,64032.67,63897.91,63982.25,0.5128382,1.484529
"2022-10-02 12:00:00",95,22.52541,62.77557,1.713026,2.816,0.471,3.9,"2022-10-02 11:01:30",24.17747,22.82442,22.63124,22.68,22.86037,22.86099,22.85905,22.73516,22.72,22.85387,22.95005,22.75,22.84048,104.8274,103.4294,104.4674,9.054888,8.916537,8.987959,61098.74,60874.3,61014.46,64077.54,63797.64,63892.7,0.5204061,1.480323
"2022-10-02 13:00:00",96,22.62603,63.71714,1.749336,2.477,0.622,4.2,"2022-10-02 12:54:30",18.15249,23.09503,22.86128,22.82,23.07315,23.10818,23.13002,23.04123,22.99,23.11367,23.21456,23.08,23.24701,109.5088,106.907,108.3765,9.418102,9.163059,9.252818,61551.79,61251.83,61356.59,64355.45,63828.62,63797.12,0.526441,1.476748
"2022-10-02 14:00:00",97,22.67416,65.21352,1.795534,3.371,0.622,4.975,"2022-10-02 13:51:30",42.29232,23.38462,23.12483,23.17,23.3497,23.39886,23.43739,23.28914,23.36,23.42189,23.5233,23.14,23.40566,115.9647,109.8352,111.374,9.923395,9.369852,9.480226,61755.34,61568.44,61644.58,64099.81,63663.63,64039.51,0.5109618,1.464765
"2022-10-02 15:00:00",98,22.74928,66.19299,1.830964,3.603,0.674,5.1,"2022-10-02 14:40:00",51.72026,23.55843,23.33277,23.33,23.55574,23.57126,23.58963,23.45671,23.44,23.60397,23.69033,23.43,23.52415,124.8418,118.2573,121.2824,10.64098,10.05642,10.30072,62047.04,61813.61,61816.78,64206.76,63802.05,63831.93,0.5273863,1.488087
"2022-10-02 16:00:00",99,22.86488,68.54519,1.909369,3.405,0.498,4.425,"2022-10-02 15:07:30",42.00102,23.64769,23.52446,23.5,23.77147,23.757,23.65861,23.50173,23.48,23.69288,23.77925,23.27,23.56402,128.3355,124.4987,128.4839,10.89971,10.57836,10.9042,62398.33,61857.23,61883.7,64314.54,63790.58,64102.09,0.5338429,1.430159
"2022-10-02 17:00:00",100,22.99046,69.39012,1.947628,4.149,0.57,5.85,"2022-10-02 16:19:30",75.54716,23.72158,23.60373,23.57,23.85661,23.83935,23.73844,23.56162,23.57,23.76123,23.86024,23.43,23.69812,129.7018,126.5806,131.1152,10.9991,10.74298,11.09919,62408.89,62146.02,62091.99,64256.57,63985.45,64096.55,0.5832275,1.488518
"2022-10-02 18:00:00",101,22.95875,71.22094,1.995213,3.413,0.371,4.375,"2022-10-02 17:37:30",41.17949,23.78918,23.62889,23.49,23.87413,23.87042,23.79449,23.62233,23.49,23.82083,23.91648,23.45,23.85555,131.8319,129.7663,135.2345,11.17458,11.00086,11.41431,62298.83,62079.84,62149.13,64234.37,64021.15,64149.38,0.6554846,1.451207
"2022-10-02 19:00:00",102,22.9409,71.86176,2.010989,3.112,0.436,4.15,"2022-10-02 18:31:30",31.8975,23.7243,23.56107,23.48,23.80442,23.80136,23.73631,23.56296,23.45,23.75667,23.85279,23.27,23.92606,128.4102,127.0033,132.596,10.89851,10.77872,11.17712,62216.66,62013.68,62116.79,64175.66,64024.53,64335.45,0.6867445,1.455325
"2022-10-02 20:00:00",103,22.95493,73.63277,2.062295,2.554,0.335,3.475,"2022-10-02 19:28:00",17.51606,23.67612,23.51448,23.44,23.75103,23.74781,23.68347,23.5125,23.35,23.70477,23.79996,23.4,23.94302,125.3354,123.0589,128.6823,10.64686,10.45387,10.84362,62172.19,61897.1,61967.16,64158.74,64020.34,64038.38,0.6432839,1.406451
"2022-10-02 21:00:00",104,22.96225,75.89995,2.126729,2.766,0.362,3.8,"2022-10-02 20:29:30",22.25516,23.62819,23.46356,23.34,23.70203,23.69865,23.63567,23.46475,23.34,23.65466,23.75031,23.48,23.89504,124.7749,122.974,129.1415,10.60944,10.4561,10.89213,62138.26,61926.43,62015.29,64270.44,64051.7,63962.77,0.6669675,1.384205
"2022-10-02 22:00:00",105,22.9568,76.61835,2.146199,2.247,0.399,3.1,"2022-10-02 21:25:30",12.42292,23.55711,23.43763,23.33,23.6735,23.66951,23.56751,23.36051,23.34,23.612,23.71104,23.26,23.71265,121.297,119.6548,124.4887,10.31876,10.19389,10.53564,62145.81,61857.22,61907,64310,63978.19,64128.61,0.6250895,1.377642
"2022-10-02 23:00:00",106,21.80807,77.62808,2.027735,1.806,0.398,2.7,"2022-10-02 22:48:30",6.744676,23.55169,23.39466,23.21,23.63173,23.62868,23.56098,23.39497,23.24,23.58544,23.67756,23.11,23.77076,120.6203,117.7356,122.2152,10.2695,10.02383,10.33191,62085.51,61819.62,61904,64383.84,64064.32,64354.43,0.6617463,1.378565
"2022-10-03 00:00:00",107,21.49516,77.52221,1.986619,2.16,0.394,3.275,"2022-10-02 23:50:30",11.10232,23.5285,23.36331,23.29,23.59822,23.59767,23.52182,23.35058,23.21,23.55108,23.64174,23.34,23.74745,116.6431,114.1673,118.8636,9.936741,9.728183,10.05304,62146.57,61786.55,61816.77,64346.21,64079.13,63949.73,0.645686,1.39977
"2022-10-03 01:00:00",108,20.95775,76.06961,1.886304,1.927,0.327,2.925,"2022-10-03 00:17:30",7.79495,23.49076,23.32605,23.14,23.5621,23.56082,23.49105,23.33422,23.2,23.51151,23.60612,23.1,23.75949,114.4238,111.578,115.7707,9.754563,9.510483,9.78919,62105.09,61724.87,61833.32,64498.76,64041.04,64251.58,0.6406341,1.430661
"2022-10-03 02:00:00",109,20.84008,74.66704,1.837973,2.137,0.353,2.975,"2022-10-03 01:20:30",10.57271,23.41245,23.24654,23.17,23.48214,23.48075,23.41775,23.26505,23.1,23.44283,23.5346,22.96,23.69093,113.59,110.8236,114.948,9.69806,9.458545,9.732183,61787.75,61605.29,61762.62,64147.52,64051.34,64398.62,0.6121026,1.444384
"2022-10-03 03:00:00",110,20.9942,75.21179,1.869113,2.169,0.39,3.425,"2022-10-03 02:22:30",11.20828,23.31442,23.14797,22.98,23.38716,23.38174,23.32254,23.16239,22.93,23.34175,23.43777,23.15,23.59462,112.0733,110.2539,114.1932,9.586368,9.428168,9.685729,62108.11,61513.53,61816.78,64733.09,64175.95,64203.67,0.6050678,1.438593
"2022-10-03 04:00:00",111,21.14476,76.40861,1.916423,2.392,0.466,3.4,"2022-10-03 03:20:30",15.25877,23.2637,23.09731,22.83,23.33651,23.33472,23.26557,23.10244,22.89,23.29066,23.38517,22.75,23.53173,108.2108,106.9273,110.5736,9.264859,9.154084,9.389834,62340.3,61415.02,61679.18,65182.27,64123.05,64565.93,0.6028153,1.445005
"2022-10-03 05:00:00",112,20.95755,75.45137,1.870746,2.266,0.417,3.4,"2022-10-03 04:51:30",12.82374,23.18239,23.01561,22.78,23.25337,23.24679,23.19131,23.03289,22.86,23.2126,23.30594,22.77,23.46536,105.8479,104.1318,107.3271,9.076618,8.926538,9.125551,62392.32,61410.53,61639.3,65284.25,64166.45,64524.53,0.6214524,1.44891
"2022-10-03 06:00:00",113,20.88936,75.34736,1.860346,2.615,0.36,3.825,"2022-10-03 05:48:00",18.91274,23.13856,22.98336,22.82,23.22086,23.21779,23.14991,22.98865,22.89,23.17395,23.26844,22.69,23.44934,102.2274,101.1238,104.1275,8.771515,8.675933,8.85616,62283.76,61323.28,61565.62,65133.32,64027.92,64538.41,0.5925143,1.442747
"2022-10-03 07:00:00",114,21.01929,76.20695,1.896722,2.397,0.378,3.4,"2022-10-03 06:03:30",14.80608,23.0939,22.93324,22.77,23.16648,23.16652,23.09939,22.93463,22.8,23.12561,23.21793,22.85,23.39139,98.73373,97.34705,100.0193,8.479791,8.360456,8.516037,61968.67,61314.27,61366.38,64885.11,64136.27,64132.95,0.6037694,1.449712
"2022-10-03 08:00:00",115,21.1883,76.88854,1.933598,2.416,0.379,3.4,"2022-10-03 07:17:30",15.15738,23.03441,22.87463,22.68,23.11021,23.10829,23.03219,22.86658,22.7,23.05843,23.15412,22.66,23.3278,95.65295,94.58882,97.27301,8.224341,8.134113,8.292185,61906.09,61113.45,61180.64,64911.2,64040.26,64198.2,0.6172775,1.447277
"2022-10-03 09:00:00",116,21.51959,76.56698,1.965018,2.31,0.385,3.4,"2022-10-03 08:14:00",13.37184,23.0007,22.83789,22.78,23.08082,23.07544,23.00937,22.84168,22.63,23.03218,23.13009,22.77,23.3056,93.46251,92.83772,95.84278,8.041656,7.987314,8.173685,61346.75,61093.88,61178.38,64211.72,64127.75,64033.65,0.6826442,1.4677
"2022-10-03 10:00:00",117,22.47862,75.40927,2.051943,2.729,0.402,4.275,"2022-10-03 09:19:00",21.68618,22.99868,22.8303,22.88,23.0755,23.06959,23.01424,22.8517,22.61,23.03239,23.13468,22.83,23.33479,96.23248,96.12615,99.85555,8.281163,8.268618,8.511144,61313.6,61119.49,61212.97,64013.36,64180.77,64000.3,0.5829895,1.465351
"2022-10-03 11:00:00",118,23.50347,74.68816,2.162347,3.212,0.563,4.475,"2022-10-03 10:49:30",36.26011,23.09328,22.91284,22.84,23.15999,23.15498,23.13949,22.9893,22.85,23.14442,23.249,22.8,23.4861,100.3245,100.2142,104.4063,8.619728,8.59776,8.873699,61597.02,61255.6,61346.82,64383.49,64009.16,64158.11,0.5495886,1.471609
"2022-10-03 12:00:00",119,23.66623,74.16017,2.168205,3.255,0.468,4.525,"2022-10-03 11:37:30",36.6275,23.2229,23.02588,22.96,23.27045,23.26432,23.2565,23.10273,22.98,23.2612,23.36429,23,23.5997,104.3568,103.7941,108.5641,8.946926,8.885668,9.207217,61574.4,61417.26,61527.28,64164.27,64022.02,64083.77,0.5474378,1.481633
"2022-10-03 13:00:00",120,23.80685,74.50206,2.196666,3.58,0.654,5.7,"2022-10-03 12:52:00",50.55643,23.4142,23.22043,23.16,23.46212,23.45841,23.50764,23.34382,23.33,23.48686,23.59952,23.4,23.81421,112.1159,107.5744,112.2114,9.576646,9.167397,9.47833,62022.94,61736.15,61816.77,64394.7,63873.56,63863.5,0.532405,1.480119
"2022-10-03 14:00:00",121,23.6874,79.77618,2.335368,3.95,0.537,5.35,"2022-10-03 14:00:00",65.1363,23.69059,23.4506,23.41,23.68167,23.68348,23.72993,23.56915,23.55,23.72462,23.82684,23.62,24.04655,120.052,113.4191,118.6952,10.21013,9.624601,9.982578,62248.33,61992.59,62099.51,64291.32,63861.61,63850.21,0.5411032,1.475508
"2022-10-03 15:00:00",122,23.7764,81.33614,2.393849,4.066,0.545,5.625,"2022-10-03 14:25:30",70.87016,23.85471,23.65232,23.62,23.88787,23.89375,23.89049,23.72951,23.66,23.90337,24.00083,23.55,24.21714,126.73,120.1261,126.4923,10.73739,10.16311,10.60454,62462.42,62221.22,62343.12,64219.84,63906.82,64205.02,0.5586704,1.470393
"2022-10-03 16:00:00",123,23.84764,80.6526,2.383913,4.059,0.436,5.3,"2022-10-03 15:03:00",69.22448,23.95464,23.77749,23.67,24.0118,24.02378,23.97751,23.80708,23.76,23.99651,24.09471,23.7,24.22249,127.9163,125.0455,132.1747,10.81257,10.56401,11.08011,62629.77,62379.15,62438.62,64316.5,63973.32,64095.99,0.619705,1.51339
"2022-10-03 17:00:00",124,23.83657,81.68715,2.412858,3.801,0.615,5.175,"2022-10-03 16:47:30",59.20831,24.01417,23.8557,23.83,24.10573,24.09733,24.03096,23.85541,23.73,24.0504,24.15019,23.81,24.06472,129.9797,128.4537,135.6916,10.97087,10.84214,11.4083,62627.5,62416.02,62436.36,64135.24,64047.24,63947.29,0.5987542,1.43179
"2022-10-03 18:00:00",125,23.66758,82.74545,2.419389,3.18,0.551,4.6,"2022-10-03 17:14:00",35.05191,24.05189,23.88092,23.74,24.12561,24.12151,24.06281,23.88756,23.76,24.08289,24.17959,23.84,23.99447,133.8864,131.9177,138.1844,11.29526,11.1278,11.63313,62579.27,62395.7,62418.33,64196.97,64002.27,63912.19,0.6705589,1.45505
"2022-10-03 19:00:00",126,23.53065,83.56192,2.423229,1.968,0.356,2.825,"2022-10-03 18:49:30",8.386629,23.9838,23.83021,23.73,24.07014,24.06591,23.99921,23.82281,23.6,24.02492,24.11881,23.61,23.89996,131.5849,129.3672,133.4234,11.11166,10.92589,11.25212,62556.65,62339.29,62402.55,64177.29,64135.93,64174.26,0.6745845,1.439985
"2022-10-03 20:00:00",127,23.48732,85.23581,2.465309,2.58,0.428,3.8,"2022-10-03 19:59:30",18.61159,23.94997,23.81137,23.66,24.04993,24.04672,23.97097,23.78622,23.6,23.99237,24.08827,23.8,23.87363,130.0913,128.3606,132.3081,10.98943,10.84833,11.16364,62622.97,62278.38,62238.59,64342.13,64063.43,63772.17,0.7402537,1.481632
"2022-10-03 21:00:00",128,23.46051,85.73684,2.475797,2.726,0.458,3.8,"2022-10-03 20:00:30",22.00688,23.93727,23.78556,23.69,24.02884,24.02561,23.95511,23.78056,23.67,23.97734,24.0718,23.63,23.87432,129.9743,128.0411,132.2767,10.98486,10.82248,11.16086,62640.33,62291.92,62216.8,64344.49,64001.34,63974.24,0.7084714,1.455033
"2022-10-03 22:00:00",129,23.40106,85.77634,2.468235,1.398,0.859,3.025,"2022-10-03 21:01:00",5.768524,23.96807,23.79932,23.7,24.03046,24.03261,23.97156,23.79132,23.7,23.98377,24.08234,23.74,23.87874,128.9277,127.7957,132.1113,10.89359,10.79956,11.14598,62772.99,62346.06,62154.4,64459.04,63989.78,63759.05,0.6812696,1.452067
"2022-10-03 23:00:00",130,22.12483,87.31984,2.325441,0.323,0.326,1.325,"2022-10-03 22:00:30",0.1617135,23.96235,23.80472,23.69,24.03924,24.0369,23.97247,23.79891,23.7,23.98912,24.08868,23.77,23.88291,126.9174,125.4969,128.99,10.72263,10.60377,10.88178,62688.56,62305.44,62122.04,64389.8,63977.85,63692.64,0.6525952,1.42463
"2022-10-04 00:00:00",131,21.4435,87.62151,2.238305,0.851,0.45,1.5,"2022-10-03 23:32:30",1.076636,23.92015,23.76582,23.64,24.00379,23.99972,23.92802,23.76661,23.7,23.95855,24.04891,23.6,23.8424,122.7096,120.4323,122.9777,10.37469,10.182,10.38244,62548.37,62247.54,62061.9,64296.56,63901.69,63846.81,0.6441485,1.375221
"2022-10-04 01:00:00",132,21.06121,88.90874,2.218507,0.938,0.343,1.65,"2022-10-04 00:19:00",1.143962,23.86822,23.69901,23.55,23.93989,23.93956,23.88356,23.71289,23.43,23.902,23.99321,23.52,23.75643,118.2253,116.0653,118.2113,10.00807,9.822655,9.996055,62439.03,62131.73,61949.87,64300.06,64129.66,63834.69,0.6799977,1.371471
"2022-10-04 02:00:00",133,20.8696,88.90442,2.19241,1.18,0.27,1.7,"2022-10-04 01:07:30",1.887144,23.79855,23.63388,23.56,23.8725,23.87739,23.81548,23.65149,23.55,23.83262,23.927,23.36,23.67559,112.3303,111.2057,112.6199,9.520698,9.422273,9.537775,62367.43,62058.03,61997.23,64219.63,63918.1,64093.86,0.6572263,1.388568
"2022-10-04 03:00:00",134,20.76621,88.18425,2.160812,0.875,0.524,1.725,"2022-10-04 02:02:00",1.3023,23.76114,23.59798,23.38,23.83518,23.83651,23.77251,23.60962,23.41,23.79235,23.88639,23.44,23.63094,107.555,105.6531,106.3662,9.122128,8.958857,9.01571,62721.72,62056.53,61966.41,64843.76,64099.27,63938.01,0.6648611,1.431555
"2022-10-04 04:00:00",135,20.69248,87.48901,2.134125,0.543,0.356,1.25,"2022-10-04 03:33:00",0.3510974,23.72366,23.56245,23.51,23.79824,23.79668,23.73327,23.56986,23.51,23.75322,23.84771,23.44,23.59493,102.8161,101.2654,101.4292,8.726028,8.593225,8.603068,62987.06,62130.23,61869.41,64937.09,64055.84,63881.14,0.6630279,1.411916
"2022-10-04 05:00:00",136,20.16951,88.18709,2.082771,0.485,0.42,1.45,"2022-10-04 04:12:30",0.3994999,23.66413,23.50354,23.35,23.74286,23.7423,23.67565,23.51528,23.46,23.69834,23.79139,23.44,23.53889,100.4153,99.24953,99.41374,8.531725,8.430823,8.441024,62866.45,61982.82,61938.56,65020.3,63939.91,63935.96,0.644547,1.40975
"2022-10-04 06:00:00",137,19.68551,87.84648,2.013594,0.867,0.635,2.15,"2022-10-04 05:19:00",1.720293,23.61351,23.461,23.28,23.69867,23.69559,23.62508,23.45893,23.32,23.64478,23.74025,23.38,23.47521,96.6004,96.10698,95.90887,8.214178,8.172538,8.153195,62876.27,61953.5,61875.41,65134.04,64093.63,63963.99,0.6134108,1.407544
"2022-10-04 07:00:00",138,19.84694,87.40156,2.023431,0.056,0.128,0.575,"2022-10-04 07:00:00",0.007681692,23.56617,23.40536,23.23,23.63363,23.63275,23.5774,23.41498,23.3,23.59957,23.69337,23.21,23.43594,99.13699,98.03348,97.6897,8.438828,8.343369,8.310847,62610.91,61845.18,61878.43,64911.51,64026.38,64178.18,0.6561943,1.450172
"2022-10-04 08:00:00",139,19.6645,86.64943,1.983432,0.512,0.503,1.925,"2022-10-04 07:48:00",0.6052908,23.49556,23.33067,23.2,23.57129,23.56696,23.50721,23.34062,23.19,23.53049,23.62575,23.3,23.36067,99.36602,98.64446,99.52957,8.470151,8.407066,8.479301,61976.21,61736.9,61691.94,64300.74,64037.98,63867.72,0.618742,1.385073
"2022-10-04 09:00:00",140,20.85778,86.50686,2.132677,1.663,0.449,2.675,"2022-10-04 08:17:30",5.601775,23.47497,23.30951,23.12,23.55417,23.54845,23.49064,23.31832,23.19,23.51664,23.61473,23.19,23.33228,97.29624,98.25375,100.7578,8.297014,8.377305,8.588567,61867.65,61704.55,61723.54,64293.69,64038.01,64071.75,0.5390691,1.457627
"2022-10-04 10:00:00",141,22.14754,86.61332,2.309734,2.103,0.391,3.15,"2022-10-04 09:04:00",10.28858,23.49829,23.29481,23.13,23.54506,23.55017,23.53792,23.36736,23.14,23.53888,23.64504,23.25,23.41818,96.13554,99.75504,102.899,8.200306,8.497291,8.75666,61972.44,61754.95,61861.13,64379.93,64150.53,64103.93,0.5961055,1.465922
"2022-10-04 11:00:00",142,22.55282,84.57745,2.311735,1.909,0.471,3.2,"2022-10-04 10:51:00",8.282866,23.52535,23.31633,23.12,23.55999,23.56741,23.54849,23.43148,23.19,23.55834,23.65622,23.13,23.43705,100.4319,101.8017,104.7546,8.56334,8.661275,8.911496,62046.31,61651.16,61772.42,64466.24,63971.06,64173.62,0.7379481,1.582355
"2022-10-04 12:00:00",143,22.53269,83.55652,2.280792,1.611,0.574,2.925,"2022-10-04 11:02:00",5.756704,23.47625,23.28704,23.13,23.52689,23.53344,23.49471,23.42471,23.32,23.50991,23.61286,23.3,23.37303,99.88605,101.5887,104.2907,8.521481,8.644243,8.882853,61855.6,61639.13,61749.85,64264.54,63783.53,63915.21,0.6255876,1.497391
"2022-10-04 13:00:00",144,23.40896,77.4762,2.230194,0.469,0.38,1.25,"2022-10-04 12:01:00",0.3164327,23.49549,23.30718,23.27,23.55976,23.55231,23.52125,23.48757,23.19,23.53319,23.64159,23.25,23.42084,102.1852,104.5657,108.595,8.714282,8.887002,9.241081,61998.07,61758.71,61827.29,64229.63,64078.55,64060.24,0.6084837,1.516628
"2022-10-04 14:00:00",145,23.56328,78.04025,2.267382,0.858,0.502,1.8,"2022-10-04 13:13:00",1.238121,23.61937,23.41395,23.36,23.66484,23.66155,23.64375,23.75089,23.43,23.65582,23.76263,23.25,23.56752,107.1279,111.4594,116.4088,9.117368,9.425939,9.87839,62207.61,61989.58,62058.14,64318.86,64001.46,64308.63,0.6704211,1.639129
"2022-10-04 15:00:00",146,24.73897,69.39571,2.154765,1.27,0.849,2.95,"2022-10-04 14:59:30",4.880987,23.70254,23.52868,23.48,23.78511,23.77708,23.7305,23.83418,23.45,23.74903,23.85606,23.59,23.64161,113.3472,118.2551,123.7354,9.625933,9.985268,10.48576,62276.96,62010.66,62061.89,64253.45,64003.31,63851.73,0.6692482,1.574312
"2022-10-04 16:00:00",147,23.66831,78.78803,2.303822,2.413,0.365,3.2,"2022-10-04 15:24:30",15.00816,23.77731,23.59239,23.51,23.83926,23.83452,23.78479,23.87479,23.42,23.80317,23.90262,23.57,23.66945,113.8046,115.9029,118.1092,9.6532,9.779215,10.00381,62399.85,62143.75,62194.97,64344.51,64173.96,64017.99,0.7062822,1.598644
"2022-10-04 17:00:00",148,23.80169,77.78021,2.292642,2.771,0.379,3.775,"2022-10-04 16:55:00",22.47064,23.85872,23.68804,23.53,23.93359,23.9319,23.87355,23.95081,23.54,23.88975,23.98962,23.44,23.73872,116.4721,117.8531,120.0678,9.861716,9.929638,10.15652,62559.66,62228.74,62287.49,64459.29,64095.51,64300.88,0.7382541,1.608797
"2022-10-04 18:00:00",149,23.75263,79.47724,2.335543,2.361,0.366,3.4,"2022-10-04 17:05:30",14.11365,23.83141,23.66699,23.58,23.91492,23.90886,23.8439,23.94589,23.5,23.86229,23.95802,23.37,23.70213,117.1844,118.2573,120.2939,9.925949,9.964604,10.18261,62429.99,62175.35,62319.82,64260.14,64088.67,64419.99,0.7945164,1.72864
"2022-10-04 19:00:00",150,23.52924,82.70692,2.398165,2.131,0.36,3.05,"2022-10-04 18:02:00",10.52567,23.78984,23.62693,23.36,23.86927,23.86396,23.7989,23.90528,23.53,23.81553,23.91301,23.49,23.65642,115.1422,115.593,116.6659,9.760319,9.74751,9.884,62341.79,62081.34,62141.6,64456.55,63953.71,64087.88,0.7906101,1.563726
"2022-10-04 20:00:00",151,23.4971,81.849,2.368674,1.727,0.354,2.575,"2022-10-04 19:31:30",5.808697,23.74614,23.58213,23.44,23.82374,23.82075,23.75739,23.86414,23.45,23.776,23.87121,23.37,23.61213,112.068,112.2341,112.5936,9.507737,9.471568,9.546932,62365.92,62075.33,62210.02,64383.39,64053.89,64320.49,0.7557908,1.609886
"2022-10-04 21:00:00",152,23.753,75.99983,2.233624,1.517,0.471,2.15,"2022-10-04 20:32:30",4.370711,23.71076,23.55,23.49,23.78852,23.78494,23.72107,23.83273,23.49,23.74243,23.8384,23.25,23.58313,109.7703,109.9445,109.9925,9.318439,9.283821,9.331487,62283,62019.67,62138.59,64212.01,63942.54,64373.4,0.7692295,1.602226
"2022-10-04 22:00:00",153,23.10599,77.85598,2.199949,0.745,0.419,1.475,"2022-10-04 21:53:30",0.7741749,23.69708,23.548,23.47,23.78064,23.77709,23.70425,23.81298,23.44,23.72638,23.82186,23.38,23.54233,106.9047,107.6026,106.7415,9.075518,9.089405,9.062566,62317.69,61989.58,62065.66,64272.03,63995.99,64127.14,0.7015406,1.516564
"2022-10-04 23:00:00",154,22.5368,82.42911,2.250722,0.399,0.419,1.575,"2022-10-04 22:10:30",0.3297825,23.66687,23.5358,23.4,23.76844,23.76409,23.67342,23.78521,23.39,23.6949,23.79085,23.32,23.51714,103.6409,105.6547,103.7037,8.800454,8.92958,8.808943,62283,61970.04,62033.33,64342.12,64022.34,64185.52,0.6549147,1.463037
"2022-10-05 00:00:00",155,22.47521,83.16875,2.262548,1.153,0.497,2.075,"2022-10-04 23:50:30",2.340195,23.64959,23.50288,23.39,23.73309,23.73477,23.65373,23.7703,23.37,23.67127,23.77011,23.36,23.48978,99.36981,106.0397,104.6087,8.443012,8.964562,8.890275,62197.82,61947.48,62073.17,64268.84,64034.07,64156.4,0.6583498,1.433624
"2022-10-05 01:00:00",156,22.25015,85.25044,2.287577,1.492,0.231,2.125,"2022-10-05 00:12:00",3.559852,23.64238,23.48312,23.34,23.71382,23.71295,23.63013,23.75746,23.48,23.64998,23.7491,23.23,23.45746,96.56873,95.69247,93.72085,8.208076,8.091801,7.969959,62230.22,61964.77,62109.27,64377.53,63911,64383.96,0.6635669,1.413814
"2022-10-05 02:00:00",157,21.89021,86.79752,2.278617,1.821,0.309,2.575,"2022-10-05 01:53:00",6.559089,23.63286,23.46424,23.25,23.6955,23.69622,23.63773,23.76285,23.32,23.65808,23.75431,23.27,23.45613,94.20105,90.92973,88.14542,8.009676,7.688248,7.495938,62254.37,61873.02,62180.71,64527.98,64035.78,64420.6,0.6747595,1.458466
"2022-10-05 03:00:00",158,21.59548,86.88654,2.240227,2.03,0.467,3.075,"2022-10-05 02:51:00",9.698358,23.57647,23.41163,23.34,23.64292,23.64165,23.58344,23.72702,23.21,23.60437,23.69804,23.29,23.44742,93.46928,91.04225,87.92838,7.955343,7.702947,7.478707,62686.3,61878.3,62014.52,64837.3,64158.24,64228.36,0.6726094,1.460454
"2022-10-05 04:00:00",159,21.56058,86.79603,2.233137,2.102,0.315,2.8,"2022-10-05 03:51:00",9.902264,23.51945,23.35544,23.26,23.58853,23.58773,23.52895,23.66841,23.17,23.54795,23.64207,23.25,23.39113,92.24035,90.91016,87.79517,7.859066,7.700225,7.475279,62771.49,61857.98,61930.31,65028.43,64213.75,64185.56,0.6628421,1.453621
"2022-10-05 05:00:00",160,21.29773,86.66611,2.19418,2.383,0.37,3.275,"2022-10-05 04:27:00",14.52739,23.44805,23.28367,23.04,23.51919,23.51935,23.46072,23.60165,23.17,23.47934,23.57333,22.99,23.32491,91.27224,90.70441,88.1163,7.78712,7.692445,7.51202,62662.93,61610.56,61930.32,65230.62,63950.66,64538.59,0.6294974,1.485787
"2022-10-05 06:00:00",161,21.08008,86.26131,2.154954,2.343,0.315,3.175,"2022-10-05 05:10:00",13.57635,23.36,23.19785,23.13,23.43169,23.42921,23.36437,23.50677,23.14,23.38988,23.48402,22.93,23.223,89.24406,89.48244,86.73834,7.626433,7.602349,7.408764,62270.2,61546.63,61988.95,64706.05,63924.94,64673.84,0.6252078,1.476274
"2022-10-05 07:00:00",162,20.86926,85.62096,2.11138,2.204,0.349,2.9,"2022-10-05 06:18:00",11.50502,23.31652,23.15685,22.94,23.39,23.38678,23.31584,23.45643,23.04,23.34576,23.43999,22.86,23.17266,85.42513,86.09569,83.26573,7.305762,7.321573,7.118953,62384.02,61572.96,61722.01,65056.63,64060.06,64490.65,0.695735,1.507352
"2022-10-05 08:00:00",163,21.00518,84.62188,2.104223,2.394,0.322,3.225,"2022-10-05 07:31:00",14.48447,23.28277,23.12367,23.02,23.3582,23.35517,23.2883,23.42858,22.88,23.3125,23.40776,23.05,23.15314,82.30662,83.99747,82.15621,7.043478,7.146897,7.026704,62427.75,61463.16,61597.97,65022.17,64177.88,64095.36,0.7366148,1.572242
"2022-10-05 09:00:00",164,21.58249,81.44935,2.098139,2.194,0.342,3.05,"2022-10-05 08:53:00",11.31122,23.22965,23.06871,23.03,23.30982,23.30591,23.24405,23.38143,22.91,23.26517,23.3669,22.98,23.11281,83.23197,87.64462,88.89861,7.130096,7.46385,7.609161,61561.61,61360.14,61438.54,64073.93,64059.11,64034.08,0.6309521,1.501517
"2022-10-05 10:00:00",165,22.49591,76.23637,2.076314,2.195,0.388,3.175,"2022-10-05 09:39:00",11.56795,23.23926,23.08377,22.96,23.32633,23.31694,23.25661,23.34436,22.95,23.28076,23.38496,23.11,23.1248,84.70583,91.36971,94.34745,7.254255,7.786626,8.073643,61826.19,61424.03,61532.52,64454.43,64054.57,63963.93,0.6275046,1.489779
"2022-10-05 11:00:00",166,23.09232,74.39143,2.100924,2.456,0.42,3.475,"2022-10-05 10:07:30",16.14279,23.26942,23.1111,23.02,23.3542,23.34908,23.27728,23.22038,23.03,23.30178,23.40464,23.01,23.14224,88.68664,92.95806,94.26039,7.591272,7.940461,8.063598,61676.94,61412.75,61519.76,64192.63,63944.9,64055.4,0.6506717,1.512871
"2022-10-05 13:00:00",167,23.41724,77.88223,2.243113,3.649,0.602,4.725,"2022-10-05 12:34:30",51.99512,23.54877,23.33939,23.22,23.57655,23.58821,23.56812,23.40178,23.47,23.57549,23.68042,23.45,23.44527,95.67034,96.223,96.66705,8.153621,8.191099,8.222141,62255.13,61929.41,62180.69,64568.22,63893.09,64183.43,0.5493828,1.547852
"2022-10-05 14:00:00",168,23.51871,79.54895,2.305156,3.905,0.458,5.275,"2022-10-05 13:27:00",62.00166,23.78579,23.57688,23.55,23.80285,23.83036,23.80529,23.63724,23.62,23.81415,23.91313,23.51,23.69139,101.4756,101.2936,102.1661,8.609771,8.584638,8.649739,62489.55,62206.18,62363.43,64369.54,63982.61,64268.91,0.5643608,1.54876
"2022-10-05 15:00:00",169,23.54426,79.07372,2.294909,3.67,0.332,4.7,"2022-10-05 15:00:00",50.66347,23.96269,23.78633,23.68,24.02603,24.03375,23.98179,23.82501,23.76,24.00989,24.09716,23.8,23.88507,107.4449,107.1855,108.818,9.080523,9.052032,9.17957,62657.66,62450.6,62616.08,64333.72,64038.39,64175.92,0.5774307,1.523854
